	S100.8123_S2	S101.8118_S3	S102.8145_S4	S103.8150_S5	S104.8162_S6	S105.8151_S7	S106.8079_S8	S107.8192_S9	S108.8103_S10	S109.8446_S11	S110.8096_S12	S111.8449_S13	S112.8459_S14	S113.8451_S15	S114.8452_S16	S115.8234_S17	S116.8209_S18	S117.8026_S19	S118.8490_S20	S119.8130_S21	S120.8477_S22	S121.8264_S23	S122.8134_S24	S123.8176_S25	S124.8224_S26	S125.8210_S27	S126.8135_S28	S127.8112_S29	S128.8202_S30	S129.8204_S31	S130.8507_S32	S131.8274_S33	S132.8297_S34	S133.8222_S35	S134.8546_S36	S135.8381_S37	S136.8391_S38	S137.8574_S39	S138.8047_S40	S139.8583_S41	S140.8013_S42	S141.8080_S43	S142.8621_S44	S143.8071_S45	S144.8417_S46	S145.8371_S47	S146.8430_S48	S147.8369_S49	S148.8242_S50	S149.8312_S51
S100.8123_S2	0.0	0.19307948381278267	0.13852309930883958	0.24374830116879587	0.21823636627578755	0.2561763500210738	0.15996674022194507	0.2857472125385347	0.123742963052392	0.1755736976598366	0.17037321232487068	0.17452540616629847	0.1544985127191366	0.5551581055945056	0.15696227007952046	0.17306206345279104	0.2448244824482448	0.18716588911239734	0.17037321232487068	0.16255330146013697	0.2693863789615644	0.1662769550532606	0.3792091658516138	0.2076923076923077	0.206536862539262	0.12044809734125012	0.2662673409996327	0.22799643357534072	0.20459392041296495	0.19578611089982506	0.1740643029020381	0.285439352194378	0.24618532094450601	0.11468861797089368	0.22169671226275	0.17152253360312822	0.12483616941269245	0.21984296930763741	0.1788607842531682	0.592640413169787	0.17475035663338087	0.18953323903818953	0.19424956463020224	0.2080685497159917	0.14028128121653766	0.1716237737665275	0.17152690469038004	0.5751445708020724	0.12044809734125012	0.40720069176951496
S101.8118_S3	0.19307948381278267	0.0	0.13430265926917925	0.19244106120606522	0.2417017337869919	0.49707806118077175	0.200060966513818	0.29480777329883884	0.11206920959496658	0.11988053900975451	0.3077579102311259	0.1889827100924809	0.17798917897016112	0.27011297145054514	0.11862514914745391	0.12687102049337184	0.284454136701665	0.1460103574840364	0.18622024124685926	0.134345253775123	0.203953412559642	0.20629517974650718	0.1715647902260059	0.23175480093289447	0.3646690168429299	0.1468506971204372	0.15993851995841055	0.17555843377304065	0.2379048174781609	0.1935615865645487	0.10314988210568879	0.17637897658080762	0.13306922198600799	0.19061782454980775	0.19731020539716956	0.12769031636615394	0.1678842371452655	0.1544019734892704	0.11272898074213246	0.39109653400424244	0.1751611428424245	0.17238761747579473	0.19323879821087608	0.14173574281705167	0.15755615984554558	0.12121383763576375	0.13979795891032223	0.3678513406463567	0.2442229292785239	0.23409083179064083
S102.8145_S4	0.13852309930883958	0.13430265926917925	0.0	0.20232583810037075	0.20917754889541787	0.28426542433674834	0.13564870463671005	0.18161641619801758	0.14351790670014536	0.1607610230061935	0.12279604932832751	0.16687941837786	0.1529175050301811	0.3217728809315137	0.1411107424929676	0.16355968078267824	0.29499153764182284	0.15423011538322423	0.10015662524798997	0.16561174551386623	0.19590279305699138	0.1924350705943873	0.20020866381466929	0.19321148825065274	0.2954027066754524	0.15558200428469413	0.21034512798483587	0.19034289713086075	0.26258963158328524	0.21251342338778048	0.09351459000779289	0.1589291843038554	0.18833035506176676	0.15335801163405605	0.14463846144984083	0.147813583456074	0.16423672936903902	0.15973228110483992	0.1562930463780392	0.4111044532298721	0.1861152141802068	0.16321820130244827	0.22940833303788125	0.15641444591651907	0.16079541029568287	0.1638398111610805	0.1955989894518209	0.3240272248619494	0.1773687258098924	0.2642386671832623
S103.8150_S5	0.24374830116879587	0.19244106120606522	0.20232583810037075	0.0	0.289000718907261	0.4487437185929648	0.17454253239898937	0.3763642534340782	0.1732166264958349	0.18610101252891867	0.3238095238095238	0.2342108152329819	0.2756474587874686	0.2686563566739277	0.1584281451404123	0.19718336718250903	0.4041612954683613	0.2338547949195774	0.17694232373131455	0.11247053789776143	0.18997518610421837	0.21246739827846245	0.26965763099482076	0.2537350260675767	0.4190835764544362	0.1877416008533709	0.22490727114691175	0.34408602150537637	0.3037974683544304	0.3127604371412847	0.2093247519518833	0.17084732372111397	0.16898792943361188	0.20473947481495294	0.3826193729347113	0.15038486653343094	0.2069641225491815	0.30132123409992806	0.16842886144004085	0.34268096469577375	0.22510275229864277	0.18568195713337796	0.2956909411330941	0.16148397976391232	0.2421829081932526	0.22524788069459203	0.20190581411407263	0.3256434191225497	0.2511305379250566	0.23260045489006823
S104.8162_S6	0.21823636627578755	0.2417017337869919	0.20917754889541787	0.289000718907261	0.0	0.40740630665438227	0.22732383071395437	0.34241060857210515	0.21018169913242757	0.2604165141322525	0.25443936978779536	0.28387990180650846	0.2610632588053733	0.5045223217710793	0.18830857973652637	0.22697498871825728	0.32267998303614753	0.2931831739088128	0.2243393736521935	0.2233554309026007	0.30118572150426737	0.2678213956129765	0.35245148386399267	0.22870189864295953	0.3292139890929104	0.2332135249533518	0.2854108932687576	0.22055026923360627	0.3076410147607068	0.2797662752744168	0.24412384251626393	0.29809298841965776	0.25751729793780814	0.20821674658251876	0.27526010753439006	0.22030937331258138	0.24248333626380653	0.3033146579085364	0.2468870488591113	0.6033963747076531	0.2226985815113051	0.22530623173207792	0.25023700241226216	0.27640516898330764	0.2627831715210356	0.23328417177121571	0.26356405081324946	0.4944837825066139	0.2332135249533518	0.4572561420969412
S105.8151_S7	0.2561763500210738	0.49707806118077175	0.28426542433674834	0.4487437185929648	0.40740630665438227	0.0	0.27490654686374705	0.28783406461906663	0.2999279019466474	0.3513895084409821	0.24612053410321183	0.42488448402866136	0.2659677870792092	1.0743071308807575	0.3320028225084517	0.3534002682817772	0.3468592890992729	0.28056580093934796	0.29865853278969157	0.4497541727992985	0.5643829274436781	0.38984458417368606	0.7916516649051695	0.34986143024468924	0.30382253068349957	0.27095508923318296	0.9014895118817078	0.43011491252773215	0.3029706451045878	0.2264295929475549	0.4050569567906812	0.6744818652849741	0.5577455166524338	0.29489288359077537	0.345225006634568	0.3953049209464213	0.24780976220275344	0.47099742797140093	0.5773599334247993	1.1911734207142561	0.4000945850082762	0.2701537603939239	0.42566208656560023	0.40446563553901616	0.28607250399168443	0.40636114416445884	0.4818001323626737	0.8275461075381659	0.1827619432443353	0.8419453636266596
S106.8079_S8	0.15996674022194507	0.200060966513818	0.13564870463671005	0.17454253239898937	0.22732383071395437	0.27490654686374705	0.0	0.1289171974522293	0.1259029927760578	0.17895206161325589	0.1637165314077577	0.18278066020001504	0.1802204416356318	0.40254151624548734	0.1575858741295219	0.16510979605810144	0.32108276541038605	0.12186485500054427	0.10606186942383057	0.16156508887246704	0.2507757118181747	0.20311210882787467	0.29316527219384986	0.23136855435949674	0.3068960359012715	0.12008964220396177	0.22212775002657031	0.2058526740665994	0.246591700666733	0.16632604936330767	0.12560146118243176	0.28376844494892167	0.16570008285004142	0.12345679012345678	0.15640463194409018	0.18191028596033534	0.12519851241330787	0.20464034670471962	0.12774751080217922	0.4349418246583551	0.20743095569242997	0.19978398575473627	0.2317167509669741	0.22233451237998988	0.16951467575288046	0.2526661197703035	0.1875580723279413	0.425616342073187	0.12008964220396177	0.32025438266181333
S107.8192_S9	0.2857472125385347	0.29480777329883884	0.18161641619801758	0.3763642534340782	0.34241060857210515	0.28783406461906663	0.1289171974522293	0.0	0.23053142941263066	0.3108893070440972	0.25263157894736843	0.33429604199589485	0.27601346407141814	0.582807147868433	0.2765467775932312	0.36144982347626015	0.5240253449293437	0.2488915069932575	0.25263157894736843	0.36454318748583087	0.4655608442713592	0.39032443655101684	0.3414842108468589	0.3509144399623912	0.5359530029311846	0.22384926090524454	0.5338809034907598	0.35953837812717837	0.3537072665384046	0.23333111746327195	0.22485825239778653	0.403091263700543	0.3135972878072406	0.28468727534148097	0.16600470616447596	0.34104621377310157	0.2686785105865174	0.30614805520702637	0.3204750549399168	0.8549303045947341	0.36888233451261165	0.4310474460751286	0.39468837010066393	0.41735318570024943	0.23932358194108472	0.33014937321470805	0.4089291172439633	0.7217232167273187	0.20040310970342642	0.5584551878541943
S108.8103_S10	0.123742963052392	0.11206920959496658	0.14351790670014536	0.1732166264958349	0.21018169913242757	0.2999279019466474	0.1259029927760578	0.23053142941263066	0.0	0.11439090008023788	0.22312912143806024	0.13964559640306798	0.17470393882021013	0.2944345758033971	0.09328474275479766	0.08830685510995687	0.2867499656734862	0.13116199770716364	0.1050820377312112	0.10329058999736275	0.20927220927220927	0.14296889102834107	0.18939302743074274	0.14302317814441254	0.21394915653118757	0.08383596980387693	0.1559543230016313	0.18947542530782216	0.20738071279807174	0.12514108760454953	0.13278793301802377	0.17882758445903135	0.13528776378649152	0.09434697855750487	0.20580075662042877	0.08472906403940887	0.07378438631156832	0.16866430973527635	0.11869407308594854	0.42420877290394227	0.15871637318974313	0.15448255958441226	0.15600410537119397	0.1118535393052257	0.10943021909427957	0.14579242219445224	0.15201900237529692	0.3985393736319595	0.11816993464052288	0.19618120554099588
S109.8446_S11	0.1755736976598366	0.11988053900975451	0.1607610230061935	0.18610101252891867	0.2604165141322525	0.3513895084409821	0.17895206161325589	0.3108893070440972	0.11439090008023788	0.0	0.20774197427358448	0.17823811835787884	0.17812415753743596	0.3298538622129436	0.13105676049838486	0.1460447133075089	0.32977580729940353	0.14609265128775634	0.14157364552137217	0.12203759193680196	0.21197386868717	0.20031050980640663	0.23168010293319394	0.21241743725231177	0.3158167156082967	0.14964445430449658	0.2290176053201912	0.2325186431780636	0.23380723148735866	0.25085142454203113	0.1722839854642834	0.20074594676883262	0.157070478522817	0.18970200772043055	0.27123468713465154	0.11362986307211466	0.14096533014853105	0.22925560202952294	0.12459374302230382	0.4861951349606277	0.18526969060874326	0.17301414581066377	0.20792898076236058	0.15325460038450975	0.13968209662707412	0.14880247700573718	0.16974013823076692	0.3746310630205962	0.21391311491121182	0.2550895511203257
S110.8096_S12	0.17037321232487068	0.3077579102311259	0.12279604932832751	0.3238095238095238	0.25443936978779536	0.24612053410321183	0.1637165314077577	0.25263157894736843	0.22312912143806024	0.20774197427358448	0.0	0.24659297221520005	0.2181268278268578	0.565597667638484	0.2598534294204275	0.270502361528553	0.28546803057451975	0.214580628349874	0.11151753055580338	0.2209389907105197	0.25704084397125837	0.23982190065395853	0.49150489206398507	0.19617176733095618	0.2356794731064764	0.22015225680471812	0.33971010293971193	0.2837413938545934	0.23862860779740644	0.2848603556852677	0.24960214423318536	0.30801968718423905	0.28590686380408387	0.20162078453188195	0.2867514077190462	0.21592088514638205	0.20008936994190954	0.36188118811881187	0.23865650162347316	0.6937334510150044	0.23716691659937708	0.24405028154824362	0.3586406362979031	0.33779924671738043	0.2526504702715278	0.24289560275201916	0.27326890468204185	0.5198323121573686	0.2376024505339846	0.37743240995694194
S111.8449_S13	0.17452540616629847	0.1889827100924809	0.16687941837786	0.2342108152329819	0.28387990180650846	0.42488448402866136	0.18278066020001504	0.33429604199589485	0.13964559640306798	0.17823811835787884	0.24659297221520005	0.0	0.22615161616511145	0.2949534984789222	0.18124644819094526	0.1947232538553934	0.33768039445395676	0.1904632122482202	0.2101480183280897	0.16137339055793992	0.1860801785068002	0.1774303786457233	0.27945205479452057	0.24128276915245608	0.28141459744168545	0.17880965923780962	0.26105097741712613	0.2523333087506248	0.20020547876885633	0.24694437515589923	0.18242238740708352	0.20781946995539227	0.1864771436168927	0.2010574606076244	0.25619214410808105	0.15110053539559787	0.15185758994655138	0.2394252054585901	0.15210377296371896	0.41597504328002605	0.19503072401816723	0.1840760231704085	0.26377768963738024	0.17990543004604878	0.2278392218299156	0.15900222694013233	0.151950372238341	0.374441434150804	0.22652844512499193	0.24681072637334028
S112.8459_S14	0.1544985127191366	0.17798917897016112	0.1529175050301811	0.2756474587874686	0.2610632588053733	0.2659677870792092	0.1802204416356318	0.27601346407141814	0.17470393882021013	0.17812415753743596	0.2181268278268578	0.22615161616511145	0.0	0.49534303710070593	0.17792946530147896	0.19581416309462674	0.2706714921278901	0.16581998357666775	0.16769724885988274	0.21193300880978552	0.2303078848560701	0.18964176473637825	0.29847187601603986	0.24370438938281705	0.2839349047158445	0.18831054044064474	0.2733084523117643	0.2366043756973243	0.21987410071942445	0.16676855361291112	0.14397025669422142	0.24321133412042503	0.23620650241733795	0.1772708636177271	0.22432575150104633	0.14845439192217635	0.1454821066431776	0.22625443704490128	0.183366077275704	0.5328761741490767	0.2072358234310438	0.1972913315372039	0.25945444254209105	0.20121921162030268	0.14273514777385982	0.21722943294911334	0.19530224454377765	0.5065690667003219	0.17609835098594173	0.3229125328865176
S113.8451_S15	0.5551581055945056	0.27011297145054514	0.3217728809315137	0.2686563566739277	0.5045223217710793	1.0743071308807575	0.40254151624548734	0.582807147868433	0.2944345758033971	0.3298538622129436	0.565597667638484	0.2949534984789222	0.49534303710070593	0.0	0.29072776740261835	0.3542202635287801	0.8640206179416661	0.3898345720450731	0.28305530056028616	0.15265642868195697	0.3165825147648337	0.34118465326992126	0.11352989804353816	0.46583805608931483	0.767787878423979	0.32779743129498284	0.20252559531206685	0.5024674742036788	0.6167870238263351	0.4327612064655891	0.24813278291193827	0.1268534941468606	0.15053161847798818	0.4862936990644222	0.5009960894266952	0.25980970769805145	0.38340310925042	0.4265381698121626	0.16854508196721313	0.14778096197041282	0.3435777542453674	0.4160851083176104	0.3975631197813512	0.20067189249720044	0.44699872286079184	0.38904565398228647	0.3137695824900682	0.27559865192455507	0.5614715209122392	0.11212310343494375
S114.8452_S16	0.15696227007952046	0.11862514914745391	0.1411107424929676	0.1584281451404123	0.18830857973652637	0.3320028225084517	0.1575858741295219	0.2765467775932312	0.09328474275479766	0.13105676049838486	0.2598534294204275	0.18124644819094526	0.17792946530147896	0.29072776740261835	0.0	0.09967878275570584	0.26578100674623767	0.1527035806547958	0.12376298406306019	0.09510104486016392	0.21844463204040224	0.14180396401647222	0.20894302297065315	0.13029224098424225	0.2737642585551331	0.13078011822496044	0.18305957588261054	0.16084910821752926	0.20543752306466168	0.14960964588506365	0.1215857037832947	0.17488658964446133	0.13641559761209196	0.14809620643713625	0.15868863366576189	0.10513612140705131	0.15727340726527692	0.161040702571839	0.13321768043658969	0.39209842440983517	0.16778972602907616	0.13734104046242773	0.14443457791049769	0.1244360055983479	0.13685735180711234	0.13971807274826462	0.13904892362649907	0.36935530131616684	0.18525318097923735	0.26077495374369675
S115.8234_S17	0.17306206345279104	0.12687102049337184	0.16355968078267824	0.19718336718250903	0.22697498871825728	0.3534002682817772	0.16510979605810144	0.36144982347626015	0.08830685510995687	0.1460447133075089	0.270502361528553	0.1947232538553934	0.19581416309462674	0.3542202635287801	0.09967878275570584	0.0	0.2927988684101704	0.156955403002928	0.1219096443447613	0.0963953785034807	0.266237407830512	0.14536444352673963	0.21918866709594334	0.1542802385008518	0.32188750789972614	0.1300954410070222	0.16851398167434734	0.2174186623237221	0.2608065380988481	0.19478573569074017	0.1466520250796217	0.18763824522758407	0.1802808394987166	0.13655321009909227	0.23003774019210574	0.11397486889536779	0.12773227035787812	0.20681487379172214	0.12662433988014005	0.4400645537891014	0.1721081807844919	0.1889366316333939	0.16165410459458354	0.1345937621562285	0.14254680368083184	0.14538003707678798	0.1495458212043629	0.38939871537703474	0.21971554683668465	0.26860591056784777
S116.8209_S18	0.2448244824482448	0.284454136701665	0.29499153764182284	0.4041612954683613	0.32267998303614753	0.3468592890992729	0.32108276541038605	0.5240253449293437	0.2867499656734862	0.32977580729940353	0.28546803057451975	0.33768039445395676	0.2706714921278901	0.8640206179416661	0.26578100674623767	0.2927988684101704	0.0	0.3191332184191086	0.3251159384915792	0.4371189884849853	0.330803647074517	0.3199389702791487	0.4920818201942003	0.28729455177825375	0.31154521615704767	0.298105326534836	0.4564590446514403	0.2047390179141599	0.2688332732535147	0.21001522531902536	0.2852272157505056	0.5573753658160908	0.4449324411605136	0.33318239735475924	0.24928063285562982	0.3270088088107618	0.3476226838203312	0.40315115334479434	0.39109138703800594	0.9306698002350177	0.36038653050303865	0.26954412587847504	0.393769857987094	0.3310927890016566	0.266352658677934	0.2897608433230946	0.25603312815717594	0.7611432069480047	0.298105326534836	0.7526622986001593
S117.8026_S19	0.18716588911239734	0.1460103574840364	0.15423011538322423	0.2338547949195774	0.2931831739088128	0.28056580093934796	0.12186485500054427	0.2488915069932575	0.13116199770716364	0.14609265128775634	0.214580628349874	0.1904632122482202	0.16581998357666775	0.3898345720450731	0.1527035806547958	0.156955403002928	0.3191332184191086	0.0	0.14330750419846203	0.13857307479425454	0.19922074624776623	0.22199190410074895	0.23750317178381122	0.24588919807740955	0.2857142857142857	0.12145258367257174	0.2325658439622329	0.2200488997555012	0.2508762496124092	0.15028019362484182	0.1323072144440883	0.2470103901195844	0.17530379174231767	0.13175383486403408	0.19741288228519213	0.1786412830877559	0.13053822905279402	0.21442570034200514	0.1470865259781585	0.5230147104334729	0.20653465956332953	0.1902723288744235	0.23531883601218614	0.17334788997992592	0.13408420488066505	0.1400275360402916	0.22811960653922883	0.4777687609447743	0.16999889131157842	0.32092000598602494
S118.8490_S20	0.17037321232487068	0.18622024124685926	0.10015662524798997	0.17694232373131455	0.2243393736521935	0.29865853278969157	0.10606186942383057	0.25263157894736843	0.1050820377312112	0.14157364552137217	0.11151753055580338	0.2101480183280897	0.16769724885988274	0.28305530056028616	0.12376298406306019	0.1219096443447613	0.3251159384915792	0.14330750419846203	0.0	0.12301416619261027	0.20721296242522794	0.16574565466384963	0.18917627250924046	0.18566524444973817	0.2551845825981347	0.09708695481353105	0.21626997613774993	0.22169690661633046	0.2326707715194843	0.12985860378804687	0.11061939557721612	0.17019416439780125	0.16447660700358374	0.13285078177419027	0.19359795134443022	0.122202486678508	0.13232123342292584	0.18771150743221052	0.13814479819369666	0.39082461124692475	0.16874882367642385	0.1904319039868912	0.24204863084625147	0.14860976071309714	0.12386058981233244	0.17211634904714143	0.15593779255802256	0.40359297860669224	0.18970347462252138	0.20612704184041036
S119.8130_S21	0.16255330146013697	0.134345253775123	0.16561174551386623	0.11247053789776143	0.2233554309026007	0.4497541727992985	0.16156508887246704	0.36454318748583087	0.10329058999736275	0.12203759193680196	0.2209389907105197	0.16137339055793992	0.21193300880978552	0.15265642868195697	0.09510104486016392	0.0963953785034807	0.4371189884849853	0.13857307479425454	0.12301416619261027	0.0	0.12982825410331625	0.1257975577038258	0.15686588367114188	0.17945173075406734	0.37040281488619275	0.1374327808703656	0.13511212035197276	0.23168205797200955	0.20723320158102768	0.24881471648018205	0.105344919656294	0.1001272450405724	0.09167787751504008	0.1321658615136876	0.2942164071093614	0.0804544756640565	0.15686588367114188	0.18990719983508736	0.09345315445577174	0.21916974239945208	0.14118572698264684	0.15651433920517402	0.152289344193934	0.10166737591396185	0.17753623188405798	0.1639289862286378	0.12493379790940766	0.23744599297278213	0.201173066395558	0.10502837018196048
S120.8477_S22	0.2693863789615644	0.203953412559642	0.19590279305699138	0.18997518610421837	0.30118572150426737	0.5643829274436781	0.2507757118181747	0.4655608442713592	0.20927220927220927	0.21197386868717	0.25704084397125837	0.1860801785068002	0.2303078848560701	0.3165825147648337	0.21844463204040224	0.266237407830512	0.330803647074517	0.19922074624776623	0.20721296242522794	0.12982825410331625	0.0	0.2127197298297266	0.27087327871709954	0.23404331792597277	0.34178986722488514	0.22791280124715685	0.2229148672499906	0.2533818058843422	0.2293007606787595	0.23798658499785594	0.1567060992471962	0.1538690034160107	0.21863409464848435	0.23897435897435898	0.38154296325474085	0.1688596058627424	0.25855095775366743	0.3169106392998705	0.1684915186929143	0.3481580635707666	0.1820932211402099	0.17581456840668713	0.2984684942847136	0.20173152895687987	0.29344194773694565	0.16785250584263828	0.18887113844106454	0.2659483409697397	0.3590027920239203	0.261670700158558
S121.8264_S23	0.1662769550532606	0.20629517974650718	0.1924350705943873	0.21246739827846245	0.2678213956129765	0.38984458417368606	0.20311210882787467	0.39032443655101684	0.14296889102834107	0.20031050980640663	0.23982190065395853	0.1774303786457233	0.18964176473637825	0.34118465326992126	0.14180396401647222	0.14536444352673963	0.3199389702791487	0.22199190410074895	0.16574565466384963	0.1257975577038258	0.2127197298297266	0.0	0.32113466570594257	0.15620250107230457	0.36526804691805087	0.1532656823389556	0.22128259883808807	0.2886890935424808	0.24371667936024372	0.19618173351959023	0.18881933521596642	0.20810372771474878	0.20917535276182372	0.1456213375709913	0.22720271286821336	0.12786245755977751	0.1547712683632304	0.24221472218517798	0.15949592215249372	0.4514903089201368	0.18591182219648159	0.19136598447870767	0.1807248531949766	0.18511494518710395	0.18145692540558978	0.1564152671995848	0.15179281694705518	0.40219452473442935	0.19219898247597514	0.27326169169131687
S122.8134_S24	0.3792091658516138	0.1715647902260059	0.20020866381466929	0.26965763099482076	0.35245148386399267	0.7916516649051695	0.29316527219384986	0.3414842108468589	0.18939302743074274	0.23168010293319394	0.49150489206398507	0.27945205479452057	0.29847187601603986	0.11352989804353816	0.20894302297065315	0.21918866709594334	0.4920818201942003	0.23750317178381122	0.18917627250924046	0.15686588367114188	0.27087327871709954	0.32113466570594257	0.0	0.24930747922437674	0.6764335732033947	0.253539677313138	0.19665753979002745	0.25179895038684197	0.49584752198730986	0.22265265542249307	0.1214887338078504	0.12237619348367203	0.13708361332437363	0.2949485817606509	0.23573621139792228	0.2071466510375648	0.2856813066312691	0.24394692444484975	0.14502293337068028	0.1448966054278545	0.2749298440856438	0.30511905779465287	0.3010201534390654	0.17482219681245242	0.25722039420995546	0.26816170946829526	0.22810172103776008	0.2399498432601881	0.43166136009522793	0.16581767082381874
S123.8176_S25	0.2076923076923077	0.23175480093289447	0.19321148825065274	0.2537350260675767	0.22870189864295953	0.34986143024468924	0.23136855435949674	0.3509144399623912	0.14302317814441254	0.21241743725231177	0.19617176733095618	0.24128276915245608	0.24370438938281705	0.46583805608931483	0.13029224098424225	0.1542802385008518	0.28729455177825375	0.24588919807740955	0.18566524444973817	0.17945173075406734	0.23404331792597277	0.15620250107230457	0.24930747922437674	0.0	0.40057732874430996	0.158846265741241	0.2553514882837239	0.201914763169892	0.25407681655032077	0.26689665327415385	0.2293190770962296	0.26790200373816747	0.2578432007806038	0.19379773626575872	0.3047376432942931	0.15882198264528005	0.1758018901555061	0.2808973814758263	0.21739360184314263	0.46897620893208514	0.21574269126034012	0.159255139979027	0.21672533274667252	0.18651265959748972	0.18623941821487416	0.18028747584973828	0.1998566940417792	0.43538961173625773	0.24274005603707874	0.331472117711903
S124.8224_S26	0.206536862539262	0.3646690168429299	0.2954027066754524	0.4190835764544362	0.3292139890929104	0.30382253068349957	0.3068960359012715	0.5359530029311846	0.21394915653118757	0.3158167156082967	0.2356794731064764	0.28141459744168545	0.2839349047158445	0.767787878423979	0.2737642585551331	0.32188750789972614	0.31154521615704767	0.2857142857142857	0.2551845825981347	0.37040281488619275	0.34178986722488514	0.36526804691805087	0.6764335732033947	0.40057732874430996	0.0	0.23404902947856424	0.41212382753499943	0.2492145596158211	0.23755442452366385	0.3408829914130974	0.37442470326800137	0.47337956560439726	0.45043994886064526	0.27524136636446195	0.42244324652645965	0.3374562277122755	0.2604385449046459	0.39242879696236277	0.36661854713862996	0.9287018927699743	0.28455851583205466	0.2966208200707079	0.3383239506597865	0.31552902458652127	0.26638409543401864	0.3457576964661697	0.3584401636472028	0.6897726605181226	0.25069061613912114	0.6495622072897577
S125.8210_S27	0.12044809734125012	0.1468506971204372	0.15558200428469413	0.1877416008533709	0.2332135249533518	0.27095508923318296	0.12008964220396177	0.22384926090524454	0.08383596980387693	0.14964445430449658	0.22015225680471812	0.17880965923780962	0.18831054044064474	0.32779743129498284	0.13078011822496044	0.1300954410070222	0.298105326534836	0.12145258367257174	0.09708695481353105	0.1374327808703656	0.22791280124715685	0.1532656823389556	0.253539677313138	0.158846265741241	0.23404902947856424	0.0	0.19534704864449146	0.25448713052776295	0.24597073571909944	0.15368874299234753	0.115355526954768	0.21976165019427857	0.14990138067061143	0.09724663151728179	0.15034874709377422	0.1432913953209483	0.11665282505726776	0.18447370646249875	0.12728221178925403	0.3636866189613341	0.15948479739973076	0.17619607694350647	0.16931467868152716	0.1737908627925106	0.12049503959184918	0.12663124842671472	0.19963415081582273	0.42162941600576787	0.10720268006700168	0.2417288275699187
S126.8135_S28	0.2662673409996327	0.15993851995841055	0.21034512798483587	0.22490727114691175	0.2854108932687576	0.9014895118817078	0.22212775002657031	0.5338809034907598	0.1559543230016313	0.2290176053201912	0.33971010293971193	0.26105097741712613	0.2733084523117643	0.20252559531206685	0.18305957588261054	0.16851398167434734	0.4564590446514403	0.2325658439622329	0.21626997613774993	0.13511212035197276	0.2229148672499906	0.22128259883808807	0.19665753979002745	0.2553514882837239	0.41212382753499943	0.19534704864449146	0.0	0.28799044015136427	0.3163378797635076	0.3482956590939235	0.20925260428512943	0.18304856657840737	0.13387365221796077	0.2247568475522202	0.38043220137734507	0.1506297442856537	0.21979533450704225	0.2831301612268974	0.10609214016388711	0.28527532950594325	0.2078188953831124	0.22920513280585283	0.24727963356049604	0.14371044118336537	0.26316154732327507	0.2130343377715487	0.18789707794807511	0.32981012066223925	0.3660325493571052	0.22517737138233554
S127.8112_S29	0.22799643357534072	0.17555843377304065	0.19034289713086075	0.34408602150537637	0.22055026923360627	0.43011491252773215	0.2058526740665994	0.35953837812717837	0.18947542530782216	0.2325186431780636	0.2837413938545934	0.2523333087506248	0.2366043756973243	0.5024674742036788	0.16084910821752926	0.2174186623237221	0.2047390179141599	0.2200488997555012	0.22169690661633046	0.23168205797200955	0.2533818058843422	0.2886890935424808	0.25179895038684197	0.201914763169892	0.2492145596158211	0.25448713052776295	0.28799044015136427	0.0	0.24336281539417529	0.19559665492663875	0.15677519379844962	0.3150939500309725	0.29030817329164804	0.31044600607187883	0.20344207552016438	0.24194439329773523	0.2268076398362892	0.23600964539163094	0.22354225369989592	0.5598460045079877	0.23098271453858088	0.1598912075480781	0.28579506983042774	0.24804297211579004	0.22719095348239526	0.1541531651288185	0.2019983608558425	0.45370569280343714	0.34210446077385126	0.4036365614161336
S128.8202_S30	0.20459392041296495	0.2379048174781609	0.26258963158328524	0.3037974683544304	0.3076410147607068	0.3029706451045878	0.246591700666733	0.3537072665384046	0.20738071279807174	0.23380723148735866	0.23862860779740644	0.20020547876885633	0.21987410071942445	0.6167870238263351	0.20543752306466168	0.2608065380988481	0.2688332732535147	0.2508762496124092	0.2326707715194843	0.20723320158102768	0.2293007606787595	0.24371667936024372	0.49584752198730986	0.25407681655032077	0.23755442452366385	0.24597073571909944	0.3163378797635076	0.24336281539417529	0.0	0.24962541029961346	0.22433407377162784	0.3131392604248623	0.28630722502439493	0.2406512337827525	0.3138813146781879	0.19670271067591028	0.21712179594571956	0.31426588678497075	0.2437049221814501	0.6649312709869315	0.23166728610297016	0.19217381188871888	0.32594331954554484	0.25083870967741934	0.24201203917758346	0.19668682618985012	0.205308417927293	0.5071919139562006	0.23796624997896934	0.3855067132609895
S129.8204_S31	0.19578611089982506	0.1935615865645487	0.21251342338778048	0.3127604371412847	0.2797662752744168	0.2264295929475549	0.16632604936330767	0.23333111746327195	0.12514108760454953	0.25085142454203113	0.2848603556852677	0.24694437515589923	0.16676855361291112	0.4327612064655891	0.14960964588506365	0.19478573569074017	0.21001522531902536	0.15028019362484182	0.12985860378804687	0.24881471648018205	0.23798658499785594	0.19618173351959023	0.22265265542249307	0.26689665327415385	0.3408829914130974	0.15368874299234753	0.3482956590939235	0.19559665492663875	0.24962541029961346	0.0	0.13338179870291367	0.32115910976398426	0.2581034020894723	0.19870261073004733	0.1419080490236187	0.20168418122346718	0.14503687855413547	0.1694364161849711	0.32590319648982224	0.5553803210969823	0.2235975531014296	0.1959970438462395	0.2920243667238987	0.2769364538801536	0.1343124054357935	0.2116484569344161	0.24747553022806662	0.5009722372258831	0.16057798753131736	0.3797278885456046
S130.8507_S32	0.1740643029020381	0.10314988210568879	0.09351459000779289	0.2093247519518833	0.24412384251626393	0.4050569567906812	0.12560146118243176	0.22485825239778653	0.13278793301802377	0.1722839854642834	0.24960214423318536	0.18242238740708352	0.14397025669422142	0.24813278291193827	0.1215857037832947	0.1466520250796217	0.2852272157505056	0.1323072144440883	0.11061939557721612	0.105344919656294	0.1567060992471962	0.18881933521596642	0.1214887338078504	0.2293190770962296	0.37442470326800137	0.115355526954768	0.20925260428512943	0.15677519379844962	0.22433407377162784	0.13338179870291367	0.0	0.1505726141078838	0.14382496572379558	0.14049477444106362	0.09675971636298357	0.13790693611321414	0.1656221307009757	0.09421775957584624	0.14021750960709292	0.3104360781871956	0.1981194899773337	0.21422043370046998	0.22097134031233912	0.16602846981862943	0.1250297242838012	0.17074326515051644	0.18528243546911316	0.3982428283285412	0.1730362818010228	0.19732914567490858
S131.8274_S33	0.285439352194378	0.17637897658080762	0.1589291843038554	0.17084732372111397	0.29809298841965776	0.6744818652849741	0.28376844494892167	0.403091263700543	0.17882758445903135	0.20074594676883262	0.30801968718423905	0.20781946995539227	0.24321133412042503	0.1268534941468606	0.17488658964446133	0.18763824522758407	0.5573753658160908	0.2470103901195844	0.17019416439780125	0.1001272450405724	0.1538690034160107	0.20810372771474878	0.12237619348367203	0.26790200373816747	0.47337956560439726	0.21976165019427857	0.18304856657840737	0.3150939500309725	0.3131392604248623	0.32115910976398426	0.1505726141078838	0.0	0.13154243292927728	0.25349107059498244	0.3590657749821171	0.1595721298263609	0.22948381319531927	0.3120034643447568	0.09802442787268466	0.17685940125723532	0.19841938316517624	0.2552943822008228	0.24674923163656864	0.14902692615302585	0.25565749235474006	0.22276410512832806	0.18850615901455767	0.20260338843323605	0.3500370312489383	0.1274886865668433
S132.8297_S34	0.24618532094450601	0.13306922198600799	0.18833035506176676	0.16898792943361188	0.25751729793780814	0.5577455166524338	0.16570008285004142	0.3135972878072406	0.13528776378649152	0.157070478522817	0.28590686380408387	0.1864771436168927	0.23620650241733795	0.15053161847798818	0.13641559761209196	0.1802808394987166	0.4449324411605136	0.17530379174231767	0.16447660700358374	0.09167787751504008	0.21863409464848435	0.20917535276182372	0.13708361332437363	0.2578432007806038	0.45043994886064526	0.14990138067061143	0.13387365221796077	0.29030817329164804	0.28630722502439493	0.2581034020894723	0.14382496572379558	0.13154243292927728	0.0	0.2124545583305793	0.25525906079148414	0.1309009555769757	0.18854714514505813	0.22999729522814064	0.09379396592152571	0.24676096517294663	0.19460980094214336	0.21358436732213779	0.2301079109160948	0.14237370841618582	0.21298183748779226	0.20781411878666578	0.1576733938863413	0.29246233560458434	0.26300491129598075	0.1459633449385798
S133.8222_S35	0.11468861797089368	0.19061782454980775	0.15335801163405605	0.20473947481495294	0.20821674658251876	0.29489288359077537	0.12345679012345678	0.28468727534148097	0.09434697855750487	0.18970200772043055	0.20162078453188195	0.2010574606076244	0.1772708636177271	0.4862936990644222	0.14809620643713625	0.13655321009909227	0.33318239735475924	0.13175383486403408	0.13285078177419027	0.1321658615136876	0.23897435897435898	0.1456213375709913	0.2949485817606509	0.19379773626575872	0.27524136636446195	0.09724663151728179	0.2247568475522202	0.31044600607187883	0.2406512337827525	0.19870261073004733	0.14049477444106362	0.25349107059498244	0.2124545583305793	0.0	0.2150971976773542	0.1418631765015608	0.14844289519550133	0.19245403441588727	0.17867805206895446	0.5636084957302386	0.19843121522755824	0.20473947481495294	0.1749001070470901	0.18334721635838744	0.1291820154412878	0.1724896004445861	0.20642172699826816	0.507301193128166	0.116231609158304	0.35566017547613954
S134.8546_S36	0.22169671226275	0.19731020539716956	0.14463846144984083	0.3826193729347113	0.27526010753439006	0.345225006634568	0.15640463194409018	0.16600470616447596	0.20580075662042877	0.27123468713465154	0.2867514077190462	0.25619214410808105	0.22432575150104633	0.5009960894266952	0.15868863366576189	0.23003774019210574	0.24928063285562982	0.19741288228519213	0.19359795134443022	0.2942164071093614	0.38154296325474085	0.22720271286821336	0.23573621139792228	0.3047376432942931	0.42244324652645965	0.15034874709377422	0.38043220137734507	0.20344207552016438	0.3138813146781879	0.1419080490236187	0.09675971636298357	0.3590657749821171	0.25525906079148414	0.2150971976773542	0.0	0.24387951094115395	0.2433116272862251	0.16197532348476879	0.27464576856401957	0.6202855764044625	0.25815746600270556	0.3395155376166511	0.30832075304147055	0.3071508759105031	0.18557272166772404	0.23792549807635993	0.3010821791722718	0.6623625214936898	0.16858457638442279	0.47437857828668967
S135.8381_S37	0.17152253360312822	0.12769031636615394	0.147813583456074	0.15038486653343094	0.22030937331258138	0.3953049209464213	0.18191028596033534	0.34104621377310157	0.08472906403940887	0.11362986307211466	0.21592088514638205	0.15110053539559787	0.14845439192217635	0.25980970769805145	0.10513612140705131	0.11397486889536779	0.3270088088107618	0.1786412830877559	0.122202486678508	0.0804544756640565	0.1688596058627424	0.12786245755977751	0.2071466510375648	0.15882198264528005	0.3374562277122755	0.1432913953209483	0.1506297442856537	0.24194439329773523	0.19670271067591028	0.20168418122346718	0.13790693611321414	0.1595721298263609	0.1309009555769757	0.1418631765015608	0.24387951094115395	0.0	0.14464534075104313	0.20180691125979916	0.11207428094737223	0.36164383561643837	0.1701607978831671	0.11794419690724106	0.18360949395432155	0.10414920250921264	0.14208057189664158	0.1563067975281716	0.13878012272127996	0.3050226294292968	0.15933781686497672	0.16568105175700112
S136.8391_S38	0.12483616941269245	0.1678842371452655	0.16423672936903902	0.2069641225491815	0.24248333626380653	0.24780976220275344	0.12519851241330787	0.2686785105865174	0.07378438631156832	0.14096533014853105	0.20008936994190954	0.15185758994655138	0.1454821066431776	0.38340310925042	0.15727340726527692	0.12773227035787812	0.3476226838203312	0.13053822905279402	0.13232123342292584	0.15686588367114188	0.25855095775366743	0.1547712683632304	0.2856813066312691	0.1758018901555061	0.2604385449046459	0.11665282505726776	0.21979533450704225	0.2268076398362892	0.21712179594571956	0.14503687855413547	0.1656221307009757	0.22948381319531927	0.18854714514505813	0.14844289519550133	0.2433116272862251	0.14464534075104313	0.0	0.21185282598130306	0.16894229362431154	0.4937003417119138	0.16292433045491067	0.15973526983363348	0.19452690631626401	0.16301417034298596	0.11689850366404844	0.16074835814282548	0.20176785491969954	0.5029632538051135	0.12918905213202123	0.2800843843978635
S137.8574_S39	0.21984296930763741	0.1544019734892704	0.15973228110483992	0.30132123409992806	0.3033146579085364	0.47099742797140093	0.20464034670471962	0.30614805520702637	0.16866430973527635	0.22925560202952294	0.36188118811881187	0.2394252054585901	0.22625443704490128	0.4265381698121626	0.161040702571839	0.20681487379172214	0.40315115334479434	0.21442570034200514	0.18771150743221052	0.18990719983508736	0.3169106392998705	0.24221472218517798	0.24394692444484975	0.2808973814758263	0.39242879696236277	0.18447370646249875	0.2831301612268974	0.23600964539163094	0.31426588678497075	0.1694364161849711	0.09421775957584624	0.3120034643447568	0.22999729522814064	0.19245403441588727	0.16197532348476879	0.20180691125979916	0.21185282598130306	0.0	0.17346883321558612	0.5108835869342693	0.2887716543048401	0.26359990842938386	0.2970484537120983	0.2562830471962922	0.20568335588633288	0.23477299102643034	0.29305918411201215	0.6156590210874817	0.2316185504986739	0.3973909892499094
S138.8047_S40	0.1788607842531682	0.11272898074213246	0.1562930463780392	0.16842886144004085	0.2468870488591113	0.5773599334247993	0.12774751080217922	0.3204750549399168	0.11869407308594854	0.12459374302230382	0.23865650162347316	0.15210377296371896	0.183366077275704	0.16854508196721313	0.13321768043658969	0.12662433988014005	0.39109138703800594	0.1470865259781585	0.13814479819369666	0.09345315445577174	0.1684915186929143	0.15949592215249372	0.14502293337068028	0.21739360184314263	0.36661854713862996	0.12728221178925403	0.10609214016388711	0.22354225369989592	0.2437049221814501	0.32590319648982224	0.14021750960709292	0.09802442787268466	0.09379396592152571	0.17867805206895446	0.27464576856401957	0.11207428094737223	0.16894229362431154	0.17346883321558612	0.0	0.24149208117332877	0.1698597781777566	0.20441078503558782	0.21704124852138743	0.1306221260767838	0.1804453789544108	0.15397330261213654	0.15212888105017697	0.27593836942550803	0.2309232755754525	0.15256573908603524
S139.8583_S41	0.592640413169787	0.39109653400424244	0.4111044532298721	0.34268096469577375	0.6033963747076531	1.1911734207142561	0.4349418246583551	0.8549303045947341	0.42420877290394227	0.4861951349606277	0.6937334510150044	0.41597504328002605	0.5328761741490767	0.14778096197041282	0.39209842440983517	0.4400645537891014	0.9306698002350177	0.5230147104334729	0.39082461124692475	0.21916974239945208	0.3481580635707666	0.4514903089201368	0.1448966054278545	0.46897620893208514	0.9287018927699743	0.3636866189613341	0.28527532950594325	0.5598460045079877	0.6649312709869315	0.5553803210969823	0.3104360781871956	0.17685940125723532	0.24676096517294663	0.5636084957302386	0.6202855764044625	0.36164383561643837	0.4937003417119138	0.5108835869342693	0.24149208117332877	0.0	0.3994798116773488	0.4247645962810589	0.4586714758040277	0.3273748931145405	0.6030965627291155	0.44961643479391494	0.38337067463281055	0.27331432893129326	0.774356865874993	0.17005001046394988
